32
34
22
34
27
31
38
35
36
36
27
27
36
36
24
23
10
10
28
27
10
11
10
17
13
16
25
22
34
37
20
18
28
26
21
18
35
36
7
9
7
6
21
21
40
37
24
26
15
17
19
21
16
22
34
24
29
31
32
33
34
31
27
27
19
17
37
39
34
38
35
37
37
36
39
35
39
41
21
22
18
13
15
14
18
19
21
21
11
11
37
36
31
36
26
26
12
12
17
16
16
23
21
18
21
14
18
27
26
22
22
9
7
28
36
27
29
27
27
25
26
22
22
31
29
18
18
16
16
17
18
6
17
18
10
9
6
30
6
17
19
16
18
12
14
8
5
11
10
16
14
19
20
18
18
20
21
9
13
17
19
19
20
23
22
25
26
21
21
20
16
25
28
23
23
29
23
25
24
13