7
8
5
8
2
7
3
3
4
3
9
2
9
8
9
10
10
8
4
7
10
10
4
8
6
20
16
16
20
16
8
8
8
12
5
8
2
9
17
9
11
8
13
9
8
8
7
13
20
18
27
23
19
28
1
19
16
12
6
10
1
5
18
6
9
2
4
13
7
21
7
19
12
8
7
8
17
11
5
4
20
10
24
16
19
11
22
9
13
26
22
8
5
7
3
7
8
5
3
5
3
6
6
9
8
9
6
8
6
4
3
5
3
10
8
7
12
24
24
20
24
24
24
20
24
22
24
12
22
10
20
12
18
12
9
14
16
23
16
2
11
18
8
24
19
29
22
19
15
21
12
9
23
12
8
8
19
11
9
32
16
16
5
25
25
13
22
26
11
7
10
17
8
19
25
18
12
8
39
42
39
21
12
6
11
12
36
15
4
10
15
8
35
8
4
8
24
49
24
3
11
8
2
13
24
24
12
9
21
24
22
14
24
24
12
12
6
24
13
13
13
23
8
8
12
8
5
4
1
11
9
9
9
17
16
14
22
25
22
23
49
24
21
25
26
18
9
26
26
25
26
26
21
22
24
38
33
44
23
19
23
25
24
25
26
23
37
41
24
23
21
23
4
44
24
24
40
38
11
21
19
15
21
11
24
42
35
31
24
20
6
26
8
17
12
19
13
41
5
21
42
19
19
25
28
24
4
33
13
39
16
43
1
24
38
29
39
18
20
12
27
29
39
34
12
22
21
36
19
20
40
32
28
13
12
22
15
32
22
3
8
22
15
37
21
18
49
10
42
40
24
18
4
17
7
2
10
11
14
41
33
27
25
7
6
2
5
6
17
4
20
24
10
26
22
16
