130
130
130
130
130
130
93
93
93
93
93
93
112
112
112
112
112
112
181
181
181
181
181
181
129
129
129
129
129
129
148
148
148
148
148
148
159
159
159
159
159
159
160
161
161
161
161
161
155
155
155
155
155
155
132
132
132
132
132
132
80
80
80
80
80
80
128
128
128
128
128
128
88
88
88
88
88
88
144
145
144
145
144
144
166
166
166
166
166
166
160
160
160
160
160
160
71
71
71
71
71
71
54
54
54
54
54
54
88
88
88
88
88
86
138
138
138
138
138
138
42
42
42
42
42
42
32
32
32
32
32
32
159
157
151
145
133
107
107
107
107
107
107
44
44
44
44
44
44
158
158
158
158
158
158
138
138
138
138
138
138
125
125
125
125
125
125
176
176
176
176
176
176
42
42
42
42
42
42
133
133
133
133
133
133
93
93
93
93
93
93
96
96
96
96
96
96
41
45
41
45
41
41
159
159
159
159
159
159
136
136
136
136
136
136
28
28
28
28
28
28
100
100
100
100
100
100
78
78
78
78
78
78
156
156
156
156
85
85
85
85
85
85
85
85
85
85
85
85
13
13
13
13
13
13
94
94
94
94
94
94
133
133
133
133
133
133
130
130
130
130
130
130
101
101
101
101
101
101
118
118
118
118
118
118
100
100
100
100
100
100
51
51
51
51
51
51
40
40
40
40
40
40
165
165
165
165
165
165
124
124
124
124
124
124
176
176
176
176
176
176
103
103
103
103
103
103
97
97
97
97
97
97
88
88
88
88
88
88
161
161
161
161
161
161
142
142
142
142
142
142
76
76
76
76
76
76
181
181
181
181
181
181
93
93
93
93
93
93
71
73
73
73
73
73
